% -------------------------------------------------------------------
%  Generated by MATLAB on 24-Oct-2019 11:50:56
%  MATLAB version: 9.7.0.1190202 (R2019b)
% -------------------------------------------------------------------
                                      

ans = 21.306395924519219;

